378;132;94;26;305 
270;301;218;492;104 
468;407;249;34;242 
192;19;82;234;411 
98;146;166;405;296 
173;282;53;292;66 
63;405;439;223;420 
202;274;440;1;447 
66;250;43;143;43 
385;257;70;156;94 
373;168;348;451;343 
232;467;190;230;132 
488;248;426;426;41 
62;468;25;114;39 
419;79;80;288;344 
348;102;22;361;412 
416;212;398;198;193 
396;57;489;381;187 
236;83;209;370;459 
319;324;118;102;481 
417;232;456;116;175 
293;87;60;106;495 
129;444;329;319;216 
276;350;228;232;146 
5;479;144;428;304 
335;371;211;329;24 
24;485;421;380;495 
184;257;281;22;400 
308;497;383;386;58 
292;255;391;153;183 
470;96;386;457;476 
439;87;28;313;341 
423;377;231;81;471 
144;22;449;324;32 
18;69;205;333;338 
8;96;259;369;11 
80;480;57;145;55 
428;99;465;405;56 
96;228;468;182;477 
432;265;301;416;415 
269;306;66;120;164 
400;391;53;118;467 
342;329;160;302;260 
444;319;86;25;42 
45;57;43;268;436 
291;101;23;356;406 
243;295;343;454;242 
275;413;437;482;156 
37;45;347;439;214 
268;68;166;423;33 
113;179;275;373;370 
211;262;298;185;374 
299;367;198;212;223 
47;486;206;59;486 
30;382;104;370;5 
500;211;105;54;168 
222;435;101;322;293 
63;20;471;84;30 
12;115;252;107;357 
170;348;134;215;167 
282;363;107;437;3 
232;75;405;368;370 
0;157;244;16;152 
364;266;376;420;159 
26;15;121;28;473 
415;129;498;13;335 
152;77;390;388;386 
359;328;164;318;61 
489;115;102;215;30 
356;371;236;456;494 
404;472;215;56;140 
267;242;79;465;88 
102;77;392;33;218 
424;267;356;130;293 
36;102;57;358;171 
412;413;406;498;117 
44;394;41;20;431 
180;362;334;248;119 
117;249;199;230;459 
411;223;69;498;107 
88;15;105;162;457 
302;414;357;386;229 
355;336;81;348;44 
209;36;372;102;37 
61;434;108;11;176 
288;404;328;399;260 
188;343;409;391;28 
28;288;380;63;129 
266;5;449;19;265 
281;167;352;185;250 
375;351;468;461;46 
155;407;94;487;168 
399;86;458;125;40 
11;428;190;320;15 
421;156;309;474;271 
55;486;89;246;395 
120;51;142;149;385 
337;376;449;344;373 
121;194;394;395;231 
180;47;323;479;253 
354;478;32;169;329 
219;42;494;189;491 
170;318;348;91;48 
347;444;309;241;203 
135;480;346;447;395 
227;263;414;243;90 
8;162;110;493;41 
143;19;474;320;166 
294;382;259;354;203 
304;346;302;347;384 
237;239;82;275;118 
375;131;86;275;101 
456;129;251;99;483 
7;207;355;49;405 
327;471;489;74;410 
253;220;493;243;90 
382;461;66;359;354 
270;79;336;375;167 
12;434;198;218;210 
164;131;160;371;195 
96;491;253;442;56 
267;250;7;366;365 
154;138;343;184;220 
496;63;393;246;213 
428;372;480;383;393 
394;272;271;364;245 
122;60;122;48;495 
391;208;124;302;86 
20;72;470;10;12 
374;90;13;499;215 
101;239;415;158;267 
224;11;371;49;163 
495;479;144;121;242 
94;16;295;190;329 
287;439;90;159;193 
356;403;469;370;18 
303;259;272;148;143 
384;146;465;281;270 
380;338;75;139;92 
41;429;349;269;419 
358;296;323;169;428 
163;149;255;465;411 
322;42;0;30;360 
235;206;496;478;359 
449;52;14;420;450 
450;364;451;67;152 
428;53;200;452;161 
7;436;103;220;481 
234;391;500;370;449 
338;337;44;280;357 
335;433;371;410;470 
305;281;403;220;479 
299;198;188;313;484 
268;342;48;369;352 
300;103;275;498;124 
57;52;144;472;112 
113;320;171;211;317 
495;183;291;482;357 
226;32;384;242;181 
36;203;187;387;180 
496;288;175;428;57 
231;158;374;285;413 
252;137;432;107;365 
480;26;478;496;489 
85;51;67;12;125 
267;219;32;316;87 
355;366;257;291;116 
325;144;243;154;85 
337;309;5;69;104 
89;101;276;378;202 
10;226;191;399;95 
445;221;162;303;290 
12;125;57;198;57 
386;380;140;492;40 
335;283;323;410;151 
276;46;498;409;35 
165;444;155;113;77 
128;175;359;195;171 
103;483;441;364;73 
211;251;307;11;218 
209;461;284;337;368 
227;403;282;247;320 
399;223;253;267;125 
69;471;445;120;429 
211;21;446;320;437 
352;343;460;336;440 
24;239;487;191;326 
205;159;319;246;350 
226;394;111;376;273 
380;229;173;239;4 
241;307;187;82;6 
188;15;465;400;15 
385;443;446;307;296 
159;237;62;441;420 
410;152;198;271;203 
318;410;70;46;56 
122;170;221;332;199 
217;52;404;184;138 
190;194;419;230;466 
284;449;304;80;114 
143;167;232;319;94 
89;108;416;380;189 
279;445;418;344;393 
215;221;114;108;78 
107;333;378;303;230 
216;233;468;306;420 
370;105;491;433;414 
456;438;403;237;109 
108;136;24;496;359 
245;277;75;338;250 
62;334;196;1;6 
310;289;429;88;379 
356;141;110;461;320 
173;455;486;430;438 
277;319;377;500;470 
471;309;383;444;486 
439;158;130;55;358 
35;410;489;426;103 
166;9;314;358;253 
468;26;64;175;186 
290;291;145;400;474 
243;458;196;31;36 
1;407;485;102;440 
198;10;54;103;285 
263;467;59;326;272 
268;4;19;246;2 
445;245;208;258;196 
148;12;230;81;114 
78;213;457;390;102 
260;24;212;418;55 
458;473;462;391;423 
323;231;319;128;206 
238;438;451;29;92 
256;199;227;407;292 
185;280;473;489;207 
50;9;170;223;11 
244;293;102;190;45 
473;283;317;336;373 
417;194;102;376;376 
140;262;427;297;346 
60;297;305;125;371 
177;500;473;184;373 
314;61;95;116;463 
446;336;261;485;120 
473;382;392;33;376 
492;178;97;112;66 
288;82;373;377;452 
447;489;477;319;368 
473;311;133;463;59 
356;98;486;413;431 
305;1;443;177;374 
179;406;271;249;380 
500;403;360;117;84 
231;188;218;165;16 
457;359;442;117;147 
162;249;429;475;20 
393;192;184;182;262 
286;140;196;3;272 
41;217;227;440;369 
70;451;15;379;328 
167;380;321;397;474 
446;60;325;30;211 
431;477;296;229;487 
307;218;178;356;299 
90;493;215;394;475 
240;131;2;248;77 
212;233;50;147;353 
13;372;287;208;317 
226;315;165;293;342 
64;421;499;453;61 
352;273;160;79;237 
175;165;428;423;234 
314;57;77;454;500 
197;426;149;376;474 
436;432;470;38;72 
276;327;422;51;411 
319;132;49;186;225 
439;72;471;410;177 
348;445;365;475;2 
168;238;212;293;144 
138;272;123;479;126 
420;303;121;7;462 
349;243;376;12;415 
181;7;391;228;60 
124;456;239;198;125 
491;67;495;36;404 
37;114;129;407;272 
47;9;70;60;305 
136;452;464;449;329 
105;68;353;60;321 
160;348;485;233;20 
183;32;425;354;136 
353;308;85;104;424 
235;114;469;240;367 
172;438;331;424;425 
173;493;291;370;20 
422;215;435;215;243 
190;130;396;387;88 
15;85;217;425;453 
328;367;359;24;94 
491;100;112;193;149 
223;17;60;308;347 
191;241;55;334;214 
137;374;370;361;234 
104;218;81;152;352 
87;220;406;471;96 
306;133;267;276;29 
322;103;241;66;19 
173;69;87;40;398 
274;29;384;210;315 
455;497;498;291;490 
273;18;460;342;62 
3;111;89;212;40 
57;475;279;304;392 
34;132;304;342;60 
34;130;41;254;77 
57;337;196;156;141 
310;135;476;286;257 
303;143;400;3;16 
62;480;376;500;340 
300;251;79;319;280 
323;193;156;230;455 
142;478;206;264;5 
166;416;434;71;231 
423;499;493;47;89 
392;232;300;326;499 
55;255;42;415;278 
306;258;378;377;318 
116;480;245;332;115 
326;438;136;499;351 
147;46;304;268;418 
301;258;31;229;389 
91;393;331;232;400 
387;436;291;487;199 
409;37;57;253;115 
443;253;161;433;264 
454;96;302;476;352 
8;451;274;498;477 
48;226;148;488;227 
223;149;13;432;228 
390;146;149;299;443 
109;490;51;153;475 
47;96;99;466;435 
496;91;356;380;391 
437;161;294;10;150 
182;390;69;26;392 
294;240;229;205;374 
308;447;3;32;243 
19;400;121;22;429 
453;127;182;52;231 
132;294;134;40;292 
228;353;139;148;260 
219;420;25;261;181 
308;367;395;92;127 
48;88;323;137;372 
36;40;271;81;198 
55;207;16;295;260 
0;105;188;413;145 
455;308;355;273;23 
99;374;360;342;121 
85;232;90;426;183 
44;471;498;169;255 
187;81;58;451;205 
11;404;230;1;180 
202;178;482;447;172 
241;233;49;113;273 
163;181;430;460;113 
323;116;91;112;216 
29;108;19;158;458 
373;249;405;67;12 
195;144;359;161;420 
407;251;144;253;442 
311;422;385;396;92 
6;152;98;337;383 
396;313;118;286;151 
93;159;323;489;300 
493;329;482;101;77 
18;323;268;40;206 
71;473;338;170;405 
108;224;123;66;452 
220;150;67;185;116 
383;25;73;9;326 
248;428;155;454;450 
482;440;283;318;73 
184;385;58;131;311 
424;475;448;381;43 
369;35;257;37;79 
342;262;296;485;195 
494;250;258;215;459 
144;317;385;221;423 
168;441;305;494;267 
336;92;437;375;193 
409;77;192;467;457 
213;170;118;375;108 
220;143;299;123;79 
435;126;343;173;166 
106;90;227;458;376 
429;230;264;271;243 
249;326;422;291;286 
416;57;292;258;245 
474;199;9;113;203 
25;142;182;414;333 
209;250;263;209;86 
319;351;234;91;28 
484;407;347;131;360 
395;222;7;338;164 
377;335;84;428;192 
408;80;113;254;350 
286;48;351;438;34 
500;62;212;205;468 
65;323;201;230;262 
67;352;378;254;309 
303;134;344;250;456 
374;165;336;16;178 
239;237;481;241;242 
435;56;410;97;360 
332;9;303;370;98 
53;134;355;166;125 
56;202;360;446;47 
152;204;100;482;160 
334;226;196;26;229 
328;343;460;489;327 
11;442;281;394;477 
294;332;474;151;403 
240;310;170;392;122 
36;378;34;194;90 
231;456;428;438;26 
105;314;277;141;270 
211;175;367;339;113 
114;422;467;469;253 
321;230;450;79;421 
23;56;304;404;192 
451;308;266;399;95 
55;14;343;368;372 
480;55;333;381;191 
64;444;331;278;8 
115;411;66;441;269 
1;5;349;17;2 
49;9;373;450;320 
403;409;469;243;57 
100;78;99;97;274 
265;398;68;388;356 
80;225;26;396;76 
39;242;326;129;94 
50;166;326;365;323 
471;182;383;61;289 
156;476;88;220;409 
37;312;469;167;4 
103;438;461;162;422 
324;483;477;373;280 
160;83;339;148;7 
435;253;234;275;303 
83;14;7;99;199 
104;137;307;488;39 
228;273;158;125;491 
112;205;163;443;499 
488;205;9;281;128 
72;136;440;212;474 
284;78;194;364;421 
89;430;362;463;318 
187;176;490;334;52 
388;425;214;158;396 
229;89;291;276;315 
378;5;226;471;127 
468;197;94;13;256 
149;78;294;204;402 
182;344;201;125;312 
312;216;176;229;241 
147;423;282;317;245 
195;288;418;48;43 
83;204;391;336;350 
490;81;477;78;403 
309;130;10;256;213 
386;388;165;465;3 
161;330;497;230;480 
45;416;278;269;61 
362;160;246;160;319 
479;454;366;276;322 
230;240;98;327;432 
16;413;26;103;359 
307;122;454;45;382 
254;207;160;356;305 
74;303;207;17;41 
148;385;350;438;234 
432;22;390;142;273 
422;231;170;299;463 
133;390;174;410;254 
239;207;200;278;64 
272;293;9;471;248 
428;32;80;286;283 
132;62;88;370;427 
285;232;312;272;461 
22;37;362;394;172 
185;128;298;263;302 
442;185;72;373;463 
139;12;419;394;346 
390;151;385;15;331 
70;301;305;483;470 
6;395;428;318;41 
235;432;116;299;63 
299;235;318;484;342 
447;491;215;408;288 
272;314;418;427;70 
372;152;347;62;101 
385;324;315;293;295 
46;257;254;332;228 
208;396;120;331;46 
154;333;401;174;384 
80;85;398;194;198 
193;478;0;247;170 
82;85;53;197;179 
476;420;25;189;295 
189;236;384;180;80 
376;193;87;381;416 
39;252;172;179;21 
299;426;120;95;101 
69;257;6;161;145 
123;342;423;151;70 
235;308;211;379;194 
344;201;218;114;322 
0;390;120;332;131 
330;413;375;176;380 
49;299;430;87;225 
433;230;222;34;457 
33;270;436;310;181 
231;40;293;485;177 
98;208;6;274;101 
180;136;175;30;315 
210;468;247;272;20 
436;378;123;154;262 
114;479;184;157;288 
230;455;311;150;400 
290;119;391;499;282 
342;293;156;487;45 
297;54;192;219;246 
66;23;164;289;245 
354;418;139;223;63 
119;24;349;486;371 
226;325;24;131;25 
91;76;248;490;179 
142;221;136;108;465 
59;287;465;412;221 
206;290;22;405;46 
372;480;168;436;163 
318;445;170;116;320 
472;29;60;193;155 
490;276;174;110;103 
132;281;31;258;3 
332;59;438;265;164 
436;303;120;85;153 
112;409;312;327;361 
198;51;20;289;494 
29;227;271;256;231 
431;116;413;302;414 
91;449;410;432;331 
258;7;406;452;385 
169;410;476;40;42 
81;464;347;249;405 
81;260;243;265;475 
105;289;181;33;234 
320;391;318;171;61 
164;499;381;497;102 
190;145;69;404;325 
119;251;231;213;150 
467;269;163;397;333 
332;205;145;458;225 
470;327;373;217;65 
278;92;304;479;379 
83;83;351;146;215 
436;190;339;441;355 
355;58;468;384;268 
50;227;421;338;230 
459;353;423;272;133 
364;272;353;339;46 
27;447;252;335;66 
383;419;16;182;397 
142;367;204;102;371 
412;359;490;450;14 
51;171;466;249;421 
230;161;78;13;351 
164;337;500;395;328 
408;306;133;317;385 
132;210;239;442;87 
92;148;320;402;221 
4;283;404;325;496 
356;482;3;415;337 
222;340;3;331;233 
305;367;310;275;464 
106;226;173;64;383 
341;432;24;161;328 
81;341;177;293;347 
381;434;175;400;472 
427;302;218;480;163 
292;207;409;208;282 
225;339;45;438;115 
278;109;340;442;154 
425;457;343;86;255 
381;162;210;485;352 
372;191;411;304;37 
304;7;193;402;90 
134;23;317;379;103 
243;296;239;177;68 
272;93;233;245;47 
470;460;132;224;282 
130;497;424;356;410 
33;428;241;401;311 
270;417;439;351;20 
401;139;464;484;12 
85;423;32;416;80 
279;459;165;257;67 
345;376;469;119;461 
137;100;461;469;69 
315;54;338;367;299 
355;155;382;225;146 
331;496;149;212;196 
207;464;8;276;131 
75;262;485;334;466 
395;448;319;391;383 
301;179;495;414;197 
30;84;166;116;225 
123;76;441;110;236 
350;226;257;424;253 
173;91;185;338;494 
53;70;4;401;405 
408;337;492;342;346 
152;0;235;15;166 
122;298;392;50;7 
500;322;375;98;116 
168;191;396;137;210 
209;494;157;421;144 
461;80;265;212;318 
287;84;98;264;84 
349;491;241;258;130 
376;200;134;330;495 
231;196;406;285;236 
216;441;354;132;137 
158;343;315;371;205 
42;32;179;233;221 
415;224;110;13;267 
177;450;138;6;335 
9;360;328;427;413 
264;174;481;477;101 
347;230;466;127;426 
6;176;370;52;88 
343;20;402;108;79 
6;85;393;18;58 
267;303;348;298;127 
299;15;389;459;441 
368;52;203;131;375 
184;259;484;87;261 
1;79;86;419;492 
490;458;219;347;407 
179;282;463;418;335 
43;383;167;0;127 
492;287;412;111;221 
290;318;270;234;395 
248;102;305;257;57 
187;217;429;306;138 
341;296;41;51;262 
85;90;285;296;331 
301;91;483;460;269 
214;167;475;198;202 
172;188;486;453;159 
76;478;205;361;147 
327;454;361;363;287 
196;246;361;349;135 
200;32;474;404;93 
156;119;345;489;343 
19;242;231;104;467 
153;310;89;393;186 
108;386;425;149;3 
347;230;120;173;73 
469;307;125;62;2 
139;214;82;359;2 
457;133;217;17;128 
85;223;257;397;134 
386;156;468;163;27 
314;108;325;400;246 
426;499;171;415;375 
213;117;169;101;327 
439;228;230;391;229 
475;169;407;21;419 
124;474;224;39;188 
312;340;462;35;188 
30;389;182;113;76 
458;462;302;143;415 
469;54;155;69;195 
157;427;76;435;52 
145;202;304;481;121 
453;275;132;226;62 
373;155;133;414;296 
50;46;117;314;271 
13;367;263;106;451 
70;318;155;344;31 
386;263;27;484;43 
329;84;201;492;124 
183;330;75;81;41 
313;421;242;273;144 
111;310;263;163;39 
278;439;198;29;50 
135;119;288;195;177 
110;127;150;370;468 
466;345;125;190;88 
183;291;182;64;137 
150;75;383;199;420 
75;500;365;444;265 
391;387;171;441;489 
64;41;381;404;432 
186;271;373;306;178 
267;184;73;75;356 
487;256;133;393;401 
59;237;88;275;101 
110;262;206;105;76 
79;173;184;201;24 
142;411;278;133;452 
379;203;76;21;153 
391;427;290;88;278 
134;253;279;39;430 
327;453;105;303;321 
424;64;268;229;99 
93;0;373;50;213 
76;478;0;441;21 
357;160;67;122;210 
184;473;118;327;443 
327;394;144;272;197 
190;306;476;312;27 
315;436;348;422;60 
391;54;239;375;202 
156;252;338;18;72 
166;385;484;92;137 
452;447;441;287;272 
200;356;101;354;23 
270;2;189;414;207 
422;313;145;62;319 
130;234;243;125;286 
74;55;126;199;30 
305;323;383;175;76 
369;495;60;150;360 
35;454;385;352;432 
154;63;425;311;150 
354;239;421;274;7 
218;203;316;1;197 
144;229;402;323;218 
448;119;13;338;339 
427;252;496;202;284 
177;349;392;193;131 
11;131;316;48;177 
66;402;109;167;359 
166;179;59;453;215 
306;51;62;133;485 
35;49;87;473;224 
101;243;219;490;331 
369;311;123;370;186 
13;414;353;146;152 
45;9;346;480;173 
248;193;43;487;479 
125;286;258;208;96 
462;44;344;325;76 
323;183;120;337;490 
355;55;189;266;202 
392;199;416;482;440 
25;203;107;299;476 
408;200;233;11;205 
83;52;415;274;224 
470;70;28;70;330 
363;390;9;491;318 
192;3;277;284;86 
427;370;277;269;70 
259;437;44;349;168 
123;450;109;131;407 
303;140;416;42;233 
322;171;346;152;77 
136;194;117;482;283 
405;423;449;425;279 
213;275;146;204;466 
32;26;179;402;207 
413;281;378;84;15 
52;88;235;51;265 
256;23;125;191;434 
64;319;62;66;264 
200;1;184;353;193 
27;494;212;77;200 
296;492;445;446;164 
356;317;33;466;231 
316;188;397;160;23 
189;150;455;270;401 
214;464;113;138;6 
411;96;25;391;489 
58;376;157;351;470 
264;79;180;27;77 
248;285;96;335;448 
11;104;23;329;4 
377;39;442;177;487 
332;379;306;439;254 
259;291;143;478;173 
440;30;46;191;260 
109;471;428;193;152 
429;367;278;191;495 
307;73;197;386;111 
19;435;481;365;137 
385;274;242;273;318 
458;142;119;161;7 
481;58;332;68;396 
407;111;249;24;58 
466;101;115;444;448 
186;94;257;367;154 
5;50;181;54;376 
336;229;154;375;195 
287;248;116;184;13 
248;241;128;491;205 
408;185;456;307;171 
284;159;298;326;132 
363;385;253;7;1 
431;377;278;193;60 
178;457;375;330;272 
218;485;432;430;199 
445;467;267;161;246 
320;95;375;383;92 
176;431;329;242;333 
402;495;109;182;83 
371;464;436;431;27 
452;311;125;34;454 
299;228;368;127;188 
396;117;91;261;182 
335;2;396;100;384 
247;128;132;498;370 
223;375;249;347;328 
481;31;337;134;295 
8;471;340;430;293 
449;62;201;53;437 
285;404;349;500;249 
369;68;335;46;280 
324;178;127;165;230 
425;479;21;299;207 
365;281;457;467;173 
365;162;466;308;435 
184;427;79;61;85 
319;26;249;97;460 
413;196;290;354;471 
331;343;175;199;369 
471;41;403;347;71 
3;448;383;327;384 
207;102;27;112;96 
398;99;66;80;411 
399;229;424;339;295 
168;492;102;496;343 
21;488;267;440;464 
143;23;233;491;81 
372;143;423;213;253 
310;169;177;258;73 
231;276;95;288;470 
242;117;63;51;403 
12;345;387;485;362 
220;336;88;148;453 
374;367;76;499;38 
255;307;210;86;485 
499;314;345;422;111 
246;393;479;470;222 
25;461;181;87;69 
27;257;438;351;32 
475;81;29;305;200 
365;200;96;250;215 
436;407;478;67;404 
198;0;465;374;116 
328;358;118;426;428 
414;185;490;429;11 
499;369;359;53;9 
418;285;39;222;246 
45;296;229;254;287 
119;483;114;183;371 
27;292;64;235;205 
117;463;103;378;287 
179;211;167;238;217 
67;47;424;57;487 
414;461;243;127;71 
31;129;365;139;308 
431;71;306;58;485 
206;304;124;349;393 
455;181;161;436;67 
335;128;491;37;220 
71;59;56;197;457 
66;49;438;163;173 
488;98;465;69;356 
108;405;109;254;10 
263;423;75;164;32 
233;299;308;59;236 
404;138;327;419;236 
371;14;109;101;418 
157;366;461;175;405 
356;217;91;79;460 
430;18;237;26;457 
148;485;393;165;224 
267;241;379;427;270 
350;272;45;333;486 
93;296;8;336;354 
398;463;400;259;176 
15;207;229;100;307 
386;402;301;463;88 
387;122;445;377;151 
416;488;33;406;55 
84;172;258;93;366 
133;10;401;172;59 
186;84;133;489;208 
59;12;278;120;384 
448;472;83;245;99 
472;352;131;185;439 
411;429;495;203;92 
344;449;135;234;173 
375;1;128;404;402 
302;489;456;168;91 
403;209;414;21;108 
113;88;13;495;395 
282;379;215;234;148 
258;90;431;397;365 
110;378;43;448;8 
446;343;180;343;298 
484;396;463;94;35 
201;14;474;95;480 
255;436;140;340;391 
497;286;394;255;144 
211;58;59;304;481 
25;165;467;12;162 
270;409;170;197;412 
387;416;121;199;448 
243;117;335;418;109 
175;238;204;56;12 
159;450;426;199;86 
426;336;159;114;10 
35;48;461;433;209 
347;266;444;429;4 
80;165;195;307;401 
94;223;142;195;306 
287;462;410;500;2 
320;484;471;111;487 
50;257;7;188;412 
194;156;403;208;262 
409;294;276;51;433 
495;255;118;298;492 
202;194;464;308;223 
74;138;461;430;389 
363;295;332;442;455 
323;157;6;396;206 
439;320;435;433;397 
494;185;359;67;8 
65;366;172;119;284 
356;293;199;466;337 
56;195;474;319;399 
113;463;334;97;109 
337;248;223;91;53 
383;260;31;412;230 
390;280;393;422;324 
498;123;212;158;98 
30;459;41;58;150 
243;347;116;33;283 
31;351;262;459;171 
318;142;80;66;401 
96;262;288;235;448 
277;302;52;496;402 
491;250;175;499;79 
379;207;165;442;310 
35;143;499;128;199 
38;18;435;250;5 
355;42;146;258;2 
268;170;306;110;374 
441;295;121;132;292 
282;175;263;380;292 
111;478;139;256;365 
453;263;159;36;409 
258;368;302;490;46 
449;103;418;497;311 
208;401;54;67;370 
241;22;366;336;418 
363;255;54;458;395 
377;403;390;393;49 
4;11;269;201;115 
72;493;131;85;344 
178;258;267;69;84 
210;424;71;387;124 
430;397;323;119;45 
3;314;344;94;169 
45;214;24;447;306 
197;131;353;453;297 
248;392;281;493;240 
105;488;486;374;185 
454;332;3;269;120 
108;188;150;155;112 
259;149;37;417;298 
464;233;321;264;388 
78;70;119;89;376 
38;116;331;380;441 
15;328;471;410;215 
214;211;256;327;198 
8;482;197;341;38 
99;354;364;194;276 
373;167;222;487;106 
384;212;414;393;81 
492;357;271;215;96 
431;178;127;201;84 
253;477;494;66;379 
96;373;279;51;441